[gd_scene load_steps=10 format=2]

[ext_resource path="res://example/Floor/Floor.tscn" type="PackedScene" id=1]
[ext_resource path="res://example/BallA/BallA.tscn" type="PackedScene" id=2]
[ext_resource path="res://example/BallB/BallB.tscn" type="PackedScene" id=3]
[ext_resource path="res://example/BallD/BallD.tscn" type="PackedScene" id=4]
[ext_resource path="res://example/BallC/BallC.tscn" type="PackedScene" id=5]
[ext_resource path="res://example/Television/Television.tscn" type="PackedScene" id=6]
[ext_resource path="res://example/Spray/Spray.tscn" type="PackedScene" id=7]
[ext_resource path="res://example/BallE/BallE.tscn" type="PackedScene" id=8]
[ext_resource path="res://example/GodotSprite/GodotSprite.tscn" type="PackedScene" id=9]

[node name="Start" type="Spatial"]

[node name="Camera" type="Camera" parent="."]
transform = Transform( 1, 0, 0, 0, 1, 0, 0, 0, 1, 0, 6, 9 )

[node name="DirectionalLight" type="DirectionalLight" parent="."]
transform = Transform( -4.37114e-08, -0.5, 0.866025, 0, 0.866025, 0.5, -1, 2.18557e-08, -3.78552e-08, 0, 20, 0 )
shadow_enabled = true

[node name="Floor" parent="." instance=ExtResource( 1 )]
transform = Transform( 1, 0, 0, 0, 1, 0, 0, 0, 1, 0, -1, 0 )

[node name="BallA" parent="." instance=ExtResource( 2 )]
transform = Transform( 1, 0, 0, 0, 1, 0, 0, 0, 1, 0, 6, 0 )

[node name="BallB" parent="." instance=ExtResource( 3 )]
transform = Transform( 1, 0, 0, 0, 1, 0, 0, 0, 1, -6, 9, 0 )

[node name="BallC" parent="." instance=ExtResource( 5 )]
transform = Transform( 1, 0, 0, 0, 1, 0, 0, 0, 1, 7, 9, 0 )

[node name="BallD" parent="." instance=ExtResource( 4 )]
transform = Transform( 1, 0, 0, 0, 1, 0, 0, 0, 1, 3, 3, 0 )

[node name="BallE" parent="." instance=ExtResource( 8 )]
transform = Transform( 1, 0, 0, 0, 1, 0, 0, 0, 1, 3.75881, 6.96965, 0 )

[node name="Television" parent="." instance=ExtResource( 6 )]
transform = Transform( 0.572876, 0, 0.819642, 0, 1, 0, -0.819642, 0, 0.572876, -3.19013, 5.35252, 5.4665 )
_has_power = true

[node name="Television2" parent="." instance=ExtResource( 6 )]
transform = Transform( 0.498732, 0.449896, -0.740851, -0.25124, 0.893081, 0.373209, 0.829545, 0, 0.55844, 3.18208, 4.55551, 5.4665 )
_has_power = true
_has_signal = false

[node name="Spray" parent="." instance=ExtResource( 7 )]

[node name="GodotSprite" parent="." instance=ExtResource( 9 )]
position = Vector2( 787, 100 )
